$ANSIBLE_VAULT;1.1;AES256
64656633656439653934613930643366663064373566333165633031323265326235326635346531
3535653965613337396364653139633031343732336564370a636238633635633231343836303562
32396133366363303830653664393565363230363766363562643034396565353831353534626462
3462663233373730620a613361616335666139353834343231346136613035366465346439326537
33386133663338666630613062353762333862663135653836633539373834373465383365343161
66626631393131336161386363663663313635363438383337623836313633636164343266666638
36353264336165633464623962636435653162616636383366316165616533653764626366656237
31303130353130313864313236383836396161646636306333323263343837366431326134303535
38616164333166313634366362386663396338396132366139643836653465666534613161663639
35666137333439346136313436326362323039633139306432616632666635653632323332366236
63653731663232333934653064613766663432326164613237623361376162393332336537303236
33313337653261616231633531613036633863373832343735386663346662656366613365323031
33333139333835313437376566616331613165383039636334343563376631656262663861613731
33336531646637396561396539613161343132383266373165316363356435386264356232336562
61383165386366326266333263326461616238656462643665653263383363393132383138633962
37366662653563623136323830626330303536656533343037613336383663653736666365316562
35643734346261666130303263383462366138373637346665353639323832633762363062363562
38396332643435376135613162613965663363646536333135613833396134393937373833613436
32363366396561613535663432393239333165343565363665316562373230333038336633326633
30396133303664623732363533333031313236316632633838666664363035643131323961343661
31313161363364646132643836376162663830643433316534636436326333343934353638393939
33363333663334343832633439306566373839633434656633653338643665616361373766616137
37323962656634393337613062323239353432393661396532653561626636346362333037363064
30653930356536376236616237363237656165366136346337386664636130326161303566333039
34353539346166303237623364623638376130393330653662313833396165666530303466333836
63333837323936393237653938666432343262396234356432653933383435623139313866303162
34323735303566626333383765396330303865666262376133343139646238623862313061626365
65323837383137373637363763666239666561313738326234386332663162616336313764393662
34326261346338313938343430353665663862313430376565623935333163643666343630626237
63303339666436343931646464373533383461373233313833336330313861646164386133326439
30666533393435343331396233636433613139613562363732663463376136383064633539383362
38333261373662303834373766636339336463366136306337383932336637303638316236613732
39396534353465346564323535616361303435343332336162393366303733383936633831316465
39356537393536333535303361626437373132393738613939353835633031303439376565313566
61336561663233616534336532383531363765613866393961666237356238633639346431646231
33336661633636663937396466373233376534616666616262656130396432313764393564363534
62643564333832336334336332306136366561366230646434393530373262343365623836643430
36326562346136616364633139356632346335626432373031656665393432343834626332646332
66383937366330656663653638313865313863653263366166366666343336656336363338306265
35356630663564333565343935626564383935336466353733663633326337643139623136636663
61636561663534363865346439363739653230356330336539376336396162336462376163366431
62353863333335613038323132363262646162353566366433363966613538626535366162613331
65396432383165353135366534623139643733646435303063343837643032666164326332666334
61353937633161313066396333363366316164363730323930613030636366653166346530333863
36303237393662343138663264616233346533366463643234613138373932306239333934366433
31653165353663393036643339393735633364663862303539313662653266626331393332323030
30656232353438356362373163323338616134323433326335313637363534353237393637636366
66393039313561326636366530633862383238656461343862313636663366313761353235663035
36613837353637343030623439653336663466393238653764393830383662326461663739373331
63373862356636666361383133356665356137336663383433366238643732613763636566353466
32366534653362383231393163323663613437666162646162636231626131303735613263373038
36646136623962656535623165303137643161396135633561633039613333306432663632383634
30653866356664666533313030316536666430393330643731326339353830636630653835373835
33656135613863323431303937323634353235666535353537393836323765633261346530666336
30643061653937383334323562623735626338663738333033313761653430626562323662383564
30316130653835333237363633383733623666396230623734323130623931613235623462346235
31383362626538323932393839393865333030373433386134623536303435663038303734623731
31633331386236343230333066306165316566373737343434646462326136333733313937333733
31343766323365316338313036333332346437316237346137626135393964306639306365353130
66636234653165613839343133393736326264633138396265653666333563666361303965663966
64326561613665616632306335646239313635353337326562646434366130646430636266363534
38626438323430613731353362333333343366323734336635323031653562333633636333326630
66386364366532663866653864386463386637313133636133386135653134626362313134663961
62663762626638306163363135316339626364643235396637363737323033646333633665343366
36633538346636343138393438356330383666663833343064333863366564366237653539363666
30636334386663373333643630306633386631663566643966636639353631303238356630623138
31373733386565626535313936633834383564643835323835366662363064623636383138613063
39653237343830326231373965383737343165396665636331326434373235623763313264653339
63626664376465393862646333383166363939363938653831366363363765363934633632663465
62373064313336636163303230313164363835346431623336363063636263656661623133303938
36653862633435646638643963646136366566393735306162653938323231333561303537626339
35386339653234306564306335663934306362306362306332643465303165613634633065396363
30326436336433303530303563326130356365323835333235383030353230393265323734643937
36313539363762613933366363623561613036303631343230613736633937363966616639643039
35306330306139646436346166333663623736303735323737646336393038626266376234383366
66386637356332313537663532303633666234643730656639656236356330613965616431383136
66323564383066336138643162376661646537373037633837346430373162656565616231633331
66376633653237663639326266656466323864323761396238353136353434663862383961383435
35623666333838316539656132376566303239366636393064633963353737343039303732303164
61616130623139626538313165373439376133663264376564633762653864323539396139386535
32653839376332666161383161616136303830366633393334633866323137363934373631356433
37306230383763393431323833336463633766363831373461633830306435323336326430363164
65323237333633636238383165646134653865376531323461626637356438326638623864616638
33353635616130643862373664353938336662646262373731363465316536386636613738656161
62356136613539333539646534383837313530343536616132663966653632373434306332343938
31646131386432363866376438353661646638363531373832363163376363316632653762346236
64613036616461363231343534646233656432313264346138386333613262353438353364396431
61353933663465663630306361623938313131336633346434336634653236373365626630356165
63613931336663363861646361363334643431363432386537363531656137636636613437656634
66626562656638623966393163323966346663353736316238613333376633363235366665323864
32616230306237363633323065643037633735616233303061616138343438373237393466303331
65353662613232343365656334313138386630316266356639356165633331633834626136666363
62653561613238303639336465333230653762353235353362613565306238383562373333333231
39323532326330396237656165323834323665373630326230353432353361653362353531333663
33373065353631643430346264333932343439363438393865313861323930343930393336353735
65313434643861656333393366666634653031333637656461363731663466353563626237336664
35336438373536303761396333613364616263306634663930633133643761623465353161613833
37396132323965616234643165323563333530303530376133353133663561666266616132346535
34623664376632363231666336363930343832663638323066333262613864633165386462666364
32663961373634363831656435646330313935363133646432356565643536343036373430633162
63383761393663653166336538363738306330373531356331373463323434613431316165373333
62383731343930303064656666313134356633303236306634373665343563396234383864323833
62373331656538343131326333643065653539363531346362656533666137663137336430303534
32303433656639626238653365623437343233353166373038383966336333336634623563306261
36343663343536303831393631663237343662313835646166646536336531643634623131623761
33643736336665636266376562626230626234633235353333363534343264653163346664386138
35396434323339343361353636646466303166366438386165383636393632353666616566323334
65353031363965626134326438616632336135336231646631316233396561636433656534666635
38346132343739306632393663383765376661353739656237333733376432633062316561633831
61663637626562356431646665393562356362376133386537333431303266643532366664663131
30663230393338623033343631653432366435346366643134313164373833646639623239653134
32323037653837356636326339333062313534363733306135356435316430313766316336363038
61336330633739616533326633306133323237316430343866653263643935373336616133663137
64313539343635396130656161303638313437333263386233393537353337383831613062306362
37653033386538663336306539363466646662396536623938633461363031306339316334393365
66373236353636353966303739356163633939633134643632666636373233643539386638356132
63323464343938323936326633343464616461303761343030393934613138346635616537393164
30643939383739633634656531393937376435636163616631343734633933363831323062636231
34653334386165373766663031663538626563396530666233303639353264366335383837616164
30646632376632653061643438613265356534376664373937373535383435366665353930363462
32363631663465333234626332393331336564326362626137653566663933393566323639383733
38616133326338623234386532613830656361366538646632636232316235613937633837383238
33396163393063653366313836623437643637386336663862633638383730366638303235353936
65663330656465376234303233306232663861383865653230386564303135333530383136666434
37356436356133373737303661613766393237646130393562663261323166313930633934633839
36333133363830623635616337666633323333653830353664393438643038383563663462623131
32646639643837623337613038373161336363386137383662666563663138313539323235383131
61386130303930353830376264356665636462323162663533363161383232323937363361303232
36646238643963356330646336336566343836633430366666633338646236386164343637383665
37643661383730376562653663303761346662666166336665613161363233376234656631636630
38383735613439393866636135356438373335353030336265373736653761363339393239316361
66646663366263343361343439346262363562333534376139326435353264386233343765633930
36663065366136613462313439376231303135393736376561383466343165633130326561613139
33666136313664373464373465626334346237366463393830336631326439306132663636643938
32653837353432356361636365633238623061626435616664646562343863323066623733613363
35333561393661326431373463626233666364633761376538613361393766393632353437306166
63373161343364643766386363333236386665376135303261366438616231343439666534613132
61333132303536656561666130653839626466623362326465623839326662383437633830353537
36616639623561306162643765366663336136633966623137636165303035326165383430306637
34623035663235343037623439346530343231396131653536393130623234653430333262363165
38396438656436326464306536623164633932316434643666306635386561663665636538623766
62643732653235383538613063333362643137323930313462633338643565306638383632313465
64333437636362353161643334356462393838646163613431376535663966343939343934303066
34346131336561356239613531613436356531323762656238346439616537323561646462663963
66303364303539643963643364313330613534643962323963376564313362383839653236336135
64393935396237373561333866323930343766383131326431616663316431303431353037356536
33626639653962363030616561336362663462333730626664363562643030656333353763343265
61663736353465356330343736653431353962343135306166396537373165363632353233656236
33383662643733393861616538363766386536323230386663663336383463623130616337663739
61376132313534393430306330333037353734356464343631303836373466356439613131653362
38616437376364366637303361353034386339646362303836306632376333666161623532373863
35333033613832373339343935303635616563353561643839336165623066393938626138623465
38313066643039656264656135626531373362383261353864363162316633643266643236356461
38376164656564323561396661636436353631666233313162363235336630666639396533343862
61316366666462393866343365623665343435326237383535666337313637373766613039353239
34356135373731313735323262663430303637613530623639353737656136303666613161346265
32646330633465643566383535373633633431626463343135383130353732633661396137303661
32376430633737316333316139633139386231653435656661653034396464346666613434386137
64386338396663323966653232616639303137326433326665316130653962656633646531633638
64623537343931396633323830323631323434633162386134653830383430666630396330393435
35343064393963343964303361303264633562386464663231316531333935386530643930346235
62363762333665363234376636373834346266636438363932356438313438356362333531356639
30343335306536626665373938303733626535643837613361353239613863643765313536386137
63386536643463323237666239303662623337373936336362643930386334363833333563336137
32656462636665313637366237303032343638356661303862366663366661616532646234636265
3134623736613562323733653661396435376134316637336563
