$ANSIBLE_VAULT;1.1;AES256
32366463386161343132616532666365383661326664623462363635613133623366366431376130
6564636366303530353164356165363963643565376466340a363934313633303832633934623364
30336261336538663032376535343930326565383139313661643737633934646632336261313237
6130336330316564320a383866663130643837313039366435306432613639353230336339333632
66326362346133323364663931636162336638623032356234353562653530386439623530653666
37353939376335643466396134363036613534643930623331626137643038616131346536326462
38386239313265336264383533666630323866666261386263333235393132616233393336633930
66383863306132323538323039316430393766646136633830643666616165343361636630306533
63653761373739653739623366663734363061656639616364313465626138383165663734623038
65343065386566303338366534356239373136313830333565393132366633366636643762633161
38333461356163326231613566366231366261626632656634363639623037333935666566363332
37613066326230343031333265613335393339353838663937323938643637393863306463343637
66613364323534356465623037653538656665663931316530336664336531393265643465643434
62346665663566613334383263623661363439393730653232313761323033653536333131666134
38333766643564376366613631646634646232393331356234323834623264653435316630333261
34373130633736373162313966306464353162313634643235663065326137363966366163336130
39336435633762663262343036643562373962616331613963616636616332343161653131306234
35346334353161316435303437376635363465306663643637323964306138376631393466643764
63623639663837346430663234356335313431333830366635313137323432653733333431313337
65336635663134323635373036313539643133323134616361623565396564633431663863343863
63656430343239653966653263356335326462363930626637376335373038383863633262653032
37386366633138313432396138396535303561306436336539373131373139386130336161303831
32316337346534393430643738653433663034363535393437346434313263626466393531383536
61633564373131383866663364306635373261633139653736336632653737346266666630336266
35363964666465353666636132393331366434396535303861393161373165363739643565643265
30343539313032396336636434616664393230373061663836663464666639643565326138366332
32663133663664303436373834616463333235643132323034613931663734306463666431366633
33356234613039323963616633633831626335396435313865633133623333386565363165663738
64636161396261323937393236336335306235656164653235333735323734636634613764373461
32353066626563636637383862656339316465353366646664633034393062326564306562633265
33323239626630656537633337633233336666636331383931393137336537323434343863623866
34313438373762386536363965396464333231623638653832303264326361393063336434646538
39373865636331663663393162363036366535633762303333363236346663383534323563343935
31643336633635626231656337623065383937663232633433313638363739656164353334353037
66373638656632626235343235336337363661333734633263323365303439626438643534623263
66333135613331656236653231333435343461313066303632343932393961353337336263626435
36383235613336663537346637373862356531313561306133393532336430323230343531653431
31613938663635326266363733323236633364643962643536323630366564396561393264316634
34653835626462373234303931393037363931323563613038386361353731313638656364613932
64623461613432346632666262386166666534373737313234653065343439393732333266393930
34316332356533373765366365653630306130653238303066343766303131326665626432363034
38616565363364323262376531663833316632656630393963343236626631366162623663373633
36313361633432613362306165623866343237346235303830303336373230303130323937383562
61396534626665663965333933353033386233383938393964623939623833626331316335663832
64333334356365333866316165663530346530373761643432303630366634616533393366616533
65323138383838336431633733646431623039323432313838346136616137623365613834643163
36393836353638366532626130646331323665646639316665353630623665633238393938353235
64643339383031656461316564303461386536663465393765393130653166303665616336386137
31616363363133613163363435643666366236663039613532363465636661316361316464313963
66316232663736616530376362353937343861633962366565303164356266636236343436656666
66393431326562313830343034636231313539333966646434316264616437376436316433613364
35666666376465393437313764383662386666363261333966626236613864656332303835643262
63353265646338646338323831616635303531383461646537383764396162353563633333653839
36653134616531346332363836633161333735623632653831656635613162363539323234663864
62313234633462366439613430323265613231653135383964343962316630653866336139653064
39613530346163353534643163303937383163326162313466373361356438393066306565643836
37366536376366383435646432396561376163636639383939653464336530363861653832333134
36616432616266303335346333376238363664663832353939646665376639313637363763343734
37323661656331343563613439363936333035613066306338333136613934376535303061313535
66383430373633653965626362306463316261653036613036313431323035623964366637316432
61363066643030373164396465393363663466353062303636323039653662353665333731613638
61653565356639386665656265393762313830383064623462363737353738323135343063613763
37376164343661613338386465393365333334336662363161386138333834393235376137323539
30363861656132313134653833656537626366373063326337353732623432326164353664346665
31353333376131643639653861363939333863376166303062303536363832303461336137346434
33343165346636653663383334333765363437353533623238613737396532666538383636353732
37333464333065623831346333343065623639663430366631323131623635333661363366366261
66666635656364353331656362353935353630353036346431623038613139373438303530633238
30313063356237333333623335656163396338393330373366393336643435656433316139353861
62633139643636303538623330613337303232396664393530396463313937313330643536393538
32373832626265303439343938636638383164323633386166313533656166653761323761643065
37346562653461653462353965616631636534383037366634353038633566656161336264313132
63363437666262633731656239636331666236636364336236333062333036396365376433393564
37383834346532636438353264663263326138626261386565623331376462646639363161386338
61363530616563313631323165636562353834303936653234643734376232633030333230393037
30323231666265313031383332383736643433666337316534653561336330366363656338393334
65393662626235393639633433343430393566356161633637306131376330303263646239613036
66646361313662613536346666373935346566363664336139613730303739643838326435336261
61316534363666326134613132383463396537353036376637633362396234353733333263393965
35386561663862323532636331326561316339633431366435353565313633313634343965353163
32636430306438363730373433643535393639396130623939313966386233623433356265346566
35383738663931363136333561373130353533376334393261383533376466353266636235646230
65663038653863366330373032313132383138336362313239393833353530353837316537356164
66626138303564316437666138333762613636666363316462613630666131336239376435383934
37303564316339636161303163336131393037326163663065303834373638316561653431383336
30303930396533356633626663636437663138656334613537646639336639663433633139363235
63343265376363373961636139363739383339653333313066393166306435396664313265353233
31616365316464393733353064363931383231396261616264353565643566363364643666353331
64383862383839363931313739386430643037363035613033653033346463643563616335356439
36336637316338383062343431303536653234353539366532303539626637653362333339386165
33346433623033623235393938363134343136313536366564316638616236623661353265333731
30306165306638616531303438666339636338363363643461306534323830386437363665333264
36346435356465666239383461663335393638643531346138346634616364336362356534396363
61653636356236303565623462346663323039636330653034353261363935373838376238633663
39383263393861396636376164343861316565653639666432653034316565363739383838366535
38393135626331396439326264353635663564663038313766353638346361313439383036303862
34663264376133643030363164376234386134613962373037353739636163393162633038633637
38396531383061343662376139383337383736376535613163303532653438323235626334643633
64633935656361613632643135306637353862616566336165376166336535663066636566306163
66343933353732353838393239386563633364643334316263616334323137306434316631623636
32306361383361623665373534653364326530626563306135653963363135613339336531303135
37663034373766306530306166393763396463313265653632303866363237373832393232633631
34663563666461646539313861653265313563313732313866396665366561346231396331326632
37333762646631623334633339313634633235623431366464303135353930303635303465343531
61616664663337666633333665303433343637333430323431663862373065383136623366343263
32363338306134653139353863666363396431333839643634313065383239643232323831366461
30383163643464633261326537343861313966386334636530613233313065646339393139623766
64633131313239363137343836303339616137333037653265663639343466623337333838613962
66306662636532366434383836316462653232323637326339333263356336643932366564666236
64643430633539613365653139313266303737633634616131316534653332653732366665376630
65313635633366636265343736613830333765666230613638343030613136613764333637336236
61393139313936393631656432323436616437663136376537383765303934393261653233636437
61633631373263313366643834373531386366313365323565353765313837313037656261653832
35306533393133393264633233336566366630353039663032326463386463336134373836303730
37653837646630356236396463323431323464336265376436623265303166366336383837303933
37303033373031383965363363656632656232613764303834613432396362306432306532333337
63343838386235626431373933633632383665333838383964643030393138306439323561313530
61326265646665386239393065663638346333656464393833663961336134653232323464336433
39303335313064316366376538316435646234653064326235383730313664376234613565626635
37373432623333353236326466383339346561326263353530313830616263633339623038366633
31393934336663626234326164313131623136346438626637336661393864343935646562306631
66363666316135396139613462303134303833633263363436303533373230323032343663396165
32343730393065643338646339333239646632633466656439643935303963383764663066646134
36373066366662653864316536343837363638346433373431363664343530336230376431636662
65626565366161353330656262373266643061633136313439326537393665383332343631626163
65643230343538656464333837643966326532623530333833646530623764313933303534636439
30373166613639333335636365333962643732373833383331353361353534336330346232636634
66663035613631663535343365373463346235393335666335316431396230366565646166333637
62373730306434373764393032396266303965343165306663646531653033303234363037306435
34386462363234656464633965613264643234356466653533326135616561666466366664343537
30333734653134393134343535626662336665343465646232326661646339386137623535643132
36336138396566383335663264643861386666646562623436316566306362656662316136663934
37303635666265626633386639653331393165386230353138383132306661396431623366653035
31376439316364336165366163336135366434623832366331383063393433616235636261326636
34366634626439353834373635633464323264343539356164346433346633633135383762333532
32653338663735363166633165306233303961633565303833323566363233643735356530643239
61616135316139663065366363626465613362663134336235396137376265626333633261613465
31316362643266306463653363343365353064613936646537376162633439653364313064646332
31643333366663313462393262636539306332656362643266353962626630663166363637643036
35316436616433626333393932366335303030626633323632376134356461333530303630663038
33633062313338316261623536353931343663396533373135646139663064643534366139373331
61373636656633323033633833376438333933383735386664623165663666383635316337356534
65656461333864393064613462313630323732353664343462613333373136353531333737636634
61386466393939636138653962663130313032626466393439393030313363353232626438646165
33316463323162326235636632393538333534656436653134336535336237386462303933633437
66326137323436386233663837373837323466323261363661343066383534356430396534303663
65666565623636616466353536316333376332316165353561313735643662366533313031316633
30643036386365616237353234643139396666396136343034663632323930313232653337386135
37636139363239623535346665643539393937373037636432323432336264353838373634343531
65636236316465313233356335633164373163356436363265376435306366386438623766336232
33393932663132346666616430616439373631326463303761346539653131643531363731353032
38333261366465353664333836393739613433656134396332393339306636626638626561613439
66656362613538336463313061646264303662313537633165393064323535306533323030333564
66313736323764633230643338353330376462646137333931356663353563303264643265343361
33316634356666353934376264663438396163396536303833373039643537666266363732623231
30313061633339373762343766313461613466653764636430306332636134623165323335346633
30323564336233306234366165616563363439303363336266646237626666666164323866653735
64343539333331333836336438656533646166363564303935616634333930396432613863343136
39613638316164333232616632666132313663613530646138616161363961363962633564373765
61346631336664363533363165333638656463356635373532366631306638383233313233373931
31616435323433633766396233393735386362303261316538623335393136326534303434336436
37336662656438666264393330653864373261373730613564383939623863653338663432376232
37343564633063383437623463396332333732373361613432333931646537323037363865303733
61633933386638313462633265613735366465376536323131303834363966333961643662363231
34303335316530326664373661336238616566313939326437623532613336373537333964373866
6432376539616362313638393765396362323334626430303763
