$ANSIBLE_VAULT;1.1;AES256
37336165366662646138363864613538376533356363353736396638636361316166343231383664
6661316232346261383437336535343062336335653761340a383839656232303734643538316534
66393661613736613431313062383430353663376638313437333564303332306364373263643463
3362346634613230360a303430666237396332323330386566376662303135376434383034613530
39363466626364623063613461363366303966643161666235353339613965396465646362656234
34323033353139353633396638616264303238333731643437383337353664346135656239343663
30323031353136646133613933323739656435323832633066666635643339356139396433363464
32366538363938636163323839326262383462356135636438646232613131633831643337613530
36643537613730393962376131653065326364643338323035323934303866663839333766316561
65303232323235313931366133396431636163643634633163316561656338623536636365663262
65363231323834616165666333333837663739613463393338636463316134396339323265363865
37363138643732303666656532653631313561623638313664626638616664333639643265666337
34623830636662633933316338643361643766646133373735656431666432613739353764666366
31323263623435633066663833386266323338363233336338633364643734363730613463386538
66333663366439633433383363306235646164356537316361383436653236666266303266623131
31386163306336383064653630333163303036616434343635393133376664616563383438323761
31653264626435303962323832653835326637313265316533323838656364376330636364323238
38623830663262346438666233353864616630666233663562316564613039303032366362666162
34383839616366663933313365333730376636386465643465366462613935623064343332313866
38316439333630663436646631663961323339393330633363346464663466383362383462666465
66343362323432343665303761336231336432653365643663303865643437623435373864666636
62303333346166346439633130613338346336633535633362623765306264633563393138303337
39383837373136356536353037366266636531656437346462306165333933643166666137383839
39323233646265373731303731316631653665306138623431633931343338316561343865323834
66313763616530393632373437313532373839623462366364306237363262383936653362623636
63356166353164396562323936613230343239653938646566663139316164306362666632663237
35653332353934303563343761333731313430386338616366376364383330396338303463666563
65356634636530303930376166356265303031393339653039346338383530366365376230633035
66363164666434306437343932396664366532663630313863363337633661663561373139656533
35613433653265646630393933643139386436383062643861383837666136633239306261316637
35343139316264626164393334383461343038343434323031373530643136643436643131623265
63393137303663616635346632373833653265333939646631353634373138333463313366343038
32626361356336303331396662353761303732613031336431376638613631393932346131613533
32346139313737613764393434643138666430373961653764363764333133373637313431653738
39646661626265363364613134656161393962653039373632393365326435393334336535643061
31346535353432323936366331323961323032303663353535366338613035303435323532313338
63306166366233393632373938386462366133316634333763613237363039643630653536613963
62386561656438383632626164346634336430323635316566366665396464623637353137643738
37396130303336353263623839363834616532643934333433646433323865393764353164386230
31303833346539333032326430323262346361303666366262316336313361393430626661326139
36633137363139656633626335633362646339393839616265343034393231643532346538323763
37303330346538353563393430643066393330343364613131393933326165653935633862363732
64386335656137393139383661313739626135393531336535306466326666376265386536303066
63633863353664633138383831323433323530323737623063346639613139353433333439643264
61613463383839353835323663323032333565623465656465623663386665366466633835653838
62366233643032356233386537393466386332613363633937653738366230633539613239393761
36613237333632313535323933313337323137623332383731636465346538666235653663386266
63313437376430386465363862303732366365316565633638316464616332303736626639643833
33373161363732353438376632666661663937636630613036353838343363623665363432373363
66336630346663376466306136373135326461373731313465363765623936613663336639633262
35386562373161363837373161323262313166363031373734303035616532376464623730613831
31643531613835316535646266633865333563373739303736306566653466613130633535333835
35646235313464303531303161613664383038313130613732393732306664383665643335333934
64396631356334613161373236343361383662653162626434653435303863653039333732306161
31376561303338636631306565303964646531363865633665316636393034303662643037323266
35343066636563323862623235323365336536336631333761393632623461363334613934376631
32666236383964386633383735356665616638636330353232626162373861646133343530323763
37643961616535663666643433383930383862333837316333336433626436363965663762376366
38383662343062646530356130383065383135313539646435393235316565346235633064333165
38306562653137313530313239393934633237343065313138626237323766353238396165363137
61353463303734396166306261623139326339316635633731643963636632373163356532376432
38343234643764646362653434393234633361376136666339333738393561643764653838333036
35666262633839323834663531643561343239373438383337626237306631636665653661613130
65643266376532333839303461396633373635323431643066383164393964356232336530356263
30643232383164326262343530643362653934326562623330323066376535346231383438663236
37366163333433653736333366663337663464316437373036666137663731343735643738616439
32303765663563623364313432343162326630363533393065343837643964306565633937366433
63646461666439313932383437646338336430333339623830666565363534386261356239623136
64393133656631623034373165306630386637393565316261313832333232653461383937393932
61356134313635323831353964636333653136333230396138326538323337303039356237396463
34643363636335356362626566393866636365663634393636363535373637613966613333616436
61646633363135333038323735363339303434653638396561663236346463343734363665356263
39633866643962663964636236656530376562613562303365666231663561666231613766316463
61333034346539336334313632666234643539323662616137306435663530333431376164623034
34383336626263326261336665376463326632626436333130653133613432653536623763326562
30393464343432663663363736666330353066653637353364383537383139626366383362376466
32353837626335383165613161623632313038383833303164666235666363346336303232643161
39366539656234646432313665303836623265323134623465346563303532313062393336376333
61623262643765356566343161356333613435646232363830366662613763323664313231346230
62373232316633303338626161336262373535663362306539663839336361363838343430643337
61663036666333316165323338363965666433633236353433323638303036326231663531303634
30333537323039376564313432333831303862326530626334623337653437393164396361323662
35363966623336626364366466373937313837656366393964636137363634336534366535326566
35353266373865653433346632653938363562366137613562323565343366363439633434306261
62393535643566303463376463653938613932663331353264653066386137396435376664343931
31386664323463633261346432343866646634646266383764633137373337376433643364333962
63373038313336666139386163636437396139386662333663323062653963656466376132383739
39363230646534653430333866386265633866383436333638303934396435666436303234396665
65383332313465393339313861333233343833343266326334383835373161393962353061376363
37643531343865623165386639316133653930656366646138303262666562316630623533663734
61313331636333356138656465396662386464306365396331303334313866663062623738353130
33333061393335343262333563333434376233376463653265356331666137333035316562653562
38366662643966666364353135646538623366313465653861393530386635623434633066366139
39653233366336383266396563316136343466346661383930363566633263613431313135336635
30316361663939663737656464313739363537303362336332313730336165373830353439333335
39323063396662323037313461353734623936393939663231313763316136663035333837313839
64383637646631653630656332373466313362313062333130386162363661323133643264643238
38363132313931316237383533656163303437336632663266333961363936326264633333356431
65376531386235353362396566663433393762633732636164316139633836633231356362663765
61623432616332343235316665353138366234323130613936366462323765303161656533343666
62353465343032636432636565393336613831373565623530323939303138313535393931383665
64306266613730333665316238356461306663333162313832616437376164663861613435306437
65633463633138313430373436373464353461326164633038326135343435643936626164396537
35343730326430653931393961616534346333373338343533653532353631373233663132643733
65313766386331666237626435373065663630333733643765663737363066353730333132663032
38663634343362373361633566306636326162666531363862376266613163666562326561646364
30343431653534333061366565656562656231366230663431653038333730303462363263653839
64613261343635323033326338333965336630356666653861346438313135376434343638653932
63353262373335333436346139396462613063616235353635663137333264366165636334373830
34616239613834653733636635663235366564623333363833363933323631666633343331386439
31643732343233383061353465343432353633663436373961646131343236626364336166623166
36656561653563653064336366636465316230616234373732613335616162323232623430306237
38623631613361643131346438383761643032633665356630363864313636356339306535303938
35393062303634393338343865636165636332363763643535343833336364366362346565656666
38373565383966643463333533393033626530303535386564393830303735333232313339616633
38643833613331316565316236313133656461383666336361666534343737656164336238336634
63336438343232653163643062623231643339613165626564653235383563646233313533613832
34353064653833376633343536383636393933626464333131303863326431313961316532343438
37366531626466616266373462336639303365643661376135303736643863643432303338363065
35663766373263616634616266646633623266303866656238313965383231323232343537616161
35333361613463306262346336343031643563343965383633646630613262336165316533646365
34376232346338663830663764356665306662333139653135316636386535323735303637373534
63623639326637643464623435313065343131656636336164633462636362376266373133316131
39626334666264303164316261616336653335613431343539373062646431313432613161373938
61666265346561336166386566316131326233663465313537383061393337356463333531653563
33643066383633626238396136353064663830363634306537303864336233386262383835383365
39306231623733386331306538383362613136653061653736653731626565623961373932366466
32653630646438613766333862393135386630616439386365656332336466386435653330333935
32333232633934663361333663313833333263346238333761376335636566623636613165303638
38326336376635323132653465373339383432393335336534373939613364633634653038303637
38323037646363346264396431313864633663313730666330326236653437383139363531643961
33376463653861613033613163363866383739376662383662656238323265383866356134376438
30313433653038323266376161353330613638626635656331633838386565393866613164343761
32396433623835373337653539636238653362383136313939346632386361303434343333663133
65326334653166313836643364663537336331653862343663613037323436336566663534346163
39666231366333363663313639343662613364396634383430356139616337373733376562623430
31306239616133656136623566373962346534653633613931633463663235626330663461353430
36646363613766326139663436363361396633623961323562346138303934646536653436323764
34333739656639366165363730616637373562303362373434666234366235636331613862383938
31666636393863326466376136653964356431356431396231666139663235656361623936393264
33646633643539306564363831663861613461373164633136343832333335653039356133663236
61646335386661373830333534373064353133383835383631643931383433653266313433666638
63663139333734336333333161336266366532373363393164663136323833353235613535366635
39363030316130386565643230653934343735306433633362356565383864323564343165396164
32353536656536313365316162616565313535646133663136633238336436613365313462653634
39366430643338323339613733633733366463376637313037386637383530393637663834323863
66383665383634663032333135633731626632346265363365316637653461303865313763396535
32643738346332376638666533656235626334626635323232346634633862396538313761356337
35636163333435623466643531336636333162363037616461656261323564356139323664326530
34343436656631636634663831313533623530393366396364653633613139613364616236616665
39653437666638653766623964303433343664326463653962623937666366316165613565316364
65653562633564343664643866336564343162643239663531366463623538376632666631396265
38366437656132663565373961613638316631396564616566383734386334306431303434323936
61636565303462353539363438306335353036313362323962643535353038666437353862643665
31326338333334333536643835613331386261386139623063333666366133343961363164306331
62373633373463353537333035313161626130303433613838626635313662663038643664623431
38616265376162313563363831626435373131656536373437306237333734383065333839636664
66343330363238633965623266656566616531656337323138353933663765326362303163646134
37386333306233363333346462333461616339343531386236346534366665643534643436356566
62343630363138613439316130626234333737336133666630316262613262323730623935366664
64323166666361366265306235386462333830373532333062313731333833656331396461383364
36663731653963306335343338663565336233363661613332316533333330643462646233616332
66363830353664643336376535363738333564336534313764323834326333626463623139666632
61656563363336653432323533633165646237623935643339316563313737306231666163613761
35383437633337663766373438653066663639316436663036646130663564336638333362656437
3535396133376334663564333433663932333965323062373161
